-6 1980.38403000 0.00044000 1
-5 1988.30421000 0.00061000 1
-4 1996.22197000 0.00048000 1
-3 2004.13851000 0.00066000 1
-2 2012.06161000 0.00042000 1
-1 2019.97953000 0.00066000 1
0 2027.90124000 0.00068000 1
1 2035.82024000 0.00041000 1
2 2043.73925000 0.00054000 1
3 2051.65861000 0.00059000 1
24 2218.00410000 0.00220000 1
28 2249.69550000 0.00140000 1
35 2305.15050000 0.00140000 1
127 3033.86040000 0.00090000 1
135 3097.25020000 0.00240000 1
144 3168.53680000 0.00140000 1
337 4697.28902908 0.00438418 1
339 4713.12734384 0.00283688 1
340 4721.04182988 0.00301275 1
341 4728.95965259 0.00299255 1
342 4736.88081197 0.00414184 1
343 4744.79863469 0.00280750 1
430 5433.87877363 0.00392899 1
432 5449.72025823 0.00227700 1
